0.29253227235043994,0.5122777571287566
